46009
22009
75009
59009
52009
84009
44009
54009
46101
77009
43009
46109
17171
65009
28091
64009
46779
65191
17009
45139
17179
46211
65199
46069
45009
46008
84031
59072
53009
55509
53231
46219
66359
24009
66351
67409
66009
10169
46521
14141
95029
28211
59073
67009
54261
81111
59041
59079
10161
60121
63039
28099
84039
08057
28009
47009
10009
85099
45321
44539
59569
95109
59049
11169
58211
85091
67609
44029
92049
22529
05013
77039
76199
67401
44031
44259
01112
14129
54241
76191
05039
11161
92041
40019
09048
28511
67601
42151
08121
07211
76101
75051
63031
50038
58549
07031
46771
82061
81129
59111
